-4.712416000038502,9455.287583999961
value,time
0,3.9521670000794984
0,7.952167000079498
0,11.952167000079498
0,15.952167000079498
0,19.9521670000795
0,23.9521670000795
0,27.9521670000795
0,31.9521670000795
0,35.9521670000795
0,39.9521670000795
0,43.9521670000795
0,47.9521670000795
0,51.9521670000795
0,55.9521670000795
0,59.9521670000795
0,63.9521670000795
0,67.9521670000795
0,71.9521670000795
0,75.9521670000795
0,79.9521670000795
0,83.9521670000795
0,87.9521670000795
0,91.9521670000795
0,95.9521670000795
0,99.9521670000795
0,103.9521670000795
0,107.9521670000795
0,111.9521670000795
0,115.9521670000795
0,119.9521670000795
0,123.9521670000795
0,127.9521670000795
0,131.9521670000795
0,135.9521670000795
0,139.9521670000795
0,143.9521670000795
0,147.9521670000795
0,151.9521670000795
0,155.9521670000795
0,159.9521670000795
0,163.9521670000795
0,167.9521670000795
0,171.9521670000795
0,175.9521670000795
0,179.9521670000795
0,183.9521670000795
0,187.9521670000795
0,191.9521670000795
0,195.9521670000795
0,199.9521670000795
0,203.9521670000795
0,207.9521670000795
0,211.9521670000795
0,215.9521670000795
0,219.9521670000795
0,223.9521670000795
0,227.9521670000795
0,231.9521670000795
0,235.9521670000795
0,239.9521670000795
0,243.9521670000795
0,247.9521670000795
0,251.9521670000795
0,255.9521670000795
0,259.9521670000795
1,263.9521670000795
1,267.9521670000795
1,271.9521670000795
2,275.9521670000795
2,279.9521670000795
3,283.9521670000795
3,287.9521670000795
3,291.9521670000795
3,295.9521670000795
4,299.9521670000795
4,303.9521670000795
4,307.9521670000795
5,311.9521670000795
5,315.9521670000795
6,319.9521670000795
6,323.9521670000795
6,327.9521670000795
7,331.9521670000795
7,335.9521670000795
8,339.9521670000795
8,343.9521670000795
9,347.9521670000795
9,351.9521670000795
10,355.9521670000795
10,359.9521670000795
10,363.9521670000795
11,367.9521670000795
11,371.9521670000795
12,375.9521670000795
12,379.9521670000795
13,383.9521670000795
13,387.9521670000795
14,391.9521670000795
14,395.9521670000795
14,399.9521670000795
15,403.9521670000795
15,407.9521670000795
16,411.9521670000795
16,415.9521670000795
17,419.9521670000795
17,423.9521670000795
18,427.9521670000795
18,431.9521670000795
19,435.9521670000795
19,439.9521670000795
20,443.9521670000795
20,447.9521670000795
21,451.9521670000795
21,455.9521670000795
22,459.9521670000795
22,463.9521670000795
23,467.9521670000795
23,471.9521670000795
24,475.9521670000795
24,479.9521670000795
24,483.9521670000795
25,487.9521670000795
25,491.9521670000795
25,495.9521670000795
26,499.9521670000795
26,503.9521670000795
27,507.9521670000795
27,511.9521670000795
27,515.9521670000795
27,519.9521670000795
28,523.9521670000795
28,527.9521670000795
29,531.9521670000795
29,535.9521670000795
29,539.9521670000795
30,543.9521670000795
30,547.9521670000795
31,551.9521670000795
31,555.9521670000795
32,559.9521670000795
32,563.9521670000795
33,567.9521670000795
33,571.9521670000795
33,575.9521670000795
34,579.9521670000795
35,583.9521670000795
35,587.9521670000795
35,591.9521670000795
36,595.9521670000795
36,599.9521670000795
37,603.9521670000795
38,607.9521670000795
38,611.9521670000795
39,615.9521670000795
39,619.9521670000795
40,623.9521670000795
40,627.9521670000795
41,631.9521670000795
41,635.9521670000795
42,639.9521670000795
42,643.9521670000795
42,647.9521670000795
43,651.9521670000795
44,655.9521670000795
44,659.9521670000795
45,663.9521670000795
45,667.9521670000795
45,671.9521670000795
46,675.9521670000795
46,679.9521670000795
47,683.9521670000795
48,687.9521670000795
48,691.9521670000795
48,695.9521670000795
48,699.9521670000795
49,703.9521670000795
49,707.9521670000795
50,711.9521670000795
50,715.9521670000795
50,719.9521670000795
50,723.9521670000795
51,727.9521670000795
51,731.9521670000795
51,735.9521670000795
51,739.9521670000795
52,743.9521670000795
52,747.9521670000795
52,751.9521670000795
52,755.9521670000795
52,759.9521670000795
52,763.9521670000795
53,767.9521670000795
53,771.9521670000795
54,775.9521670000795
54,779.9521670000795
55,783.9521670000795
55,787.9521670000795
56,791.9521670000795
56,795.9521670000795
57,799.9521670000795
58,803.9521670000795
59,807.9521670000795
59,811.9521670000795
60,815.9521670000795
61,819.9521670000795
61,823.9521670000795
62,827.9521670000795
63,831.9521670000795
64,835.9521670000795
65,839.9521670000795
65,843.9521670000795
66,847.9521670000795
67,851.9521670000795
68,855.9521670000795
69,859.9521670000795
70,863.9521670000795
71,867.9521670000795
71,871.9521670000795
72,875.9521670000795
73,879.9521670000795
74,883.9521670000795
75,887.9521670000795
76,891.9521670000795
77,895.9521670000795
78,899.9521670000795
79,903.9521670000795
80,907.9521670000795
81,911.9521670000795
81,915.9521670000795
82,919.9521670000795
83,923.9521670000795
84,927.9521670000795
85,931.9521670000795
86,935.9521670000795
87,939.9521670000795
88,943.9521670000795
88,947.9521670000795
89,951.9521670000795
90,955.9521670000795
92,959.9521670000795
92,963.9521670000795
94,967.9521670000795
95,971.9521670000795
96,975.9521670000795
97,979.9521670000795
98,983.9521670000795
99,987.9521670000795
100,991.9521670000795
101,995.9521670000795
102,999.9521670000795
103,1003.9521670000795
104,1007.9521670000795
105,1011.9521670000795
106,1015.9521670000795
106,1019.9521670000795
107,1023.9521670000795
107,1027.9521670000795
108,1031.9521670000795
108,1035.9521670000795
108,1039.9521670000795
109,1043.9521670000795
109,1047.9521670000795
109,1051.9521670000795
110,1055.9521670000795
110,1059.9521670000795
110,1063.9521670000795
111,1067.9521670000795
111,1071.9521670000795
111,1075.9521670000795
111,1079.9521670000795
111,1083.9521670000795
112,1087.9521670000795
112,1091.9521670000795
112,1095.9521670000795
112,1099.9521670000795
113,1103.9521670000795
113,1107.9521670000795
113,1111.9521670000795
114,1115.9521670000795
114,1119.9521670000795
115,1123.9521670000795
115,1127.9521670000795
116,1131.9521670000795
117,1135.9521670000795
117,1139.9521670000795
118,1143.9521670000795
119,1147.9521670000795
120,1151.9521670000795
120,1155.9521670000795
121,1159.9521670000795
122,1163.9521670000795
123,1167.9521670000795
123,1171.9521670000795
124,1175.9521670000795
125,1179.9521670000795
126,1183.9521670000795
126,1187.9521670000795
127,1191.9521670000795
127,1195.9521670000795
128,1199.9521670000795
128,1203.9521670000795
129,1207.9521670000795
129,1211.9521670000795
129,1215.9521670000795
130,1219.9521670000795
130,1223.9521670000795
131,1227.9521670000795
131,1231.9521670000795
131,1235.9521670000795
132,1239.9521670000795
132,1243.9521670000795
132,1247.9521670000795
132,1251.9521670000795
132,1255.9521670000795
132,1259.9521670000795
133,1263.9521670000795
133,1267.9521670000795
133,1271.9521670000795
133,1275.9521670000795
133,1279.9521670000795
133,1283.9521670000795
134,1287.9521670000795
134,1291.9521670000795
134,1295.9521670000795
134,1299.9521670000795
134,1303.9521670000795
134,1307.9521670000795
134,1311.9521670000795
134,1315.9521670000795
135,1319.9521670000795
135,1323.9521670000795
135,1327.9521670000795
135,1331.9521670000795
136,1335.9521670000795
136,1339.9521670000795
137,1343.9521670000795
137,1347.9521670000795
137,1351.9521670000795
138,1355.9521670000795
138,1359.9521670000795
138,1363.9521670000795
138,1367.9521670000795
139,1371.9521670000795
139,1375.9521670000795
139,1379.9521670000795
139,1383.9521670000795
139,1387.9521670000795
140,1391.9521670000795
140,1395.9521670000795
140,1399.9521670000795
140,1403.9521670000795
140,1407.9521670000795
140,1411.9521670000795
141,1415.9521670000795
141,1419.9521670000795
141,1423.9521670000795
141,1427.9521670000795
141,1431.9521670000795
141,1435.9521670000795
142,1439.9521670000795
142,1443.9521670000795
142,1447.9521670000795
142,1451.9521670000795
142,1455.9521670000795
142,1459.9521670000795
143,1463.9521670000795
143,1467.9521670000795
143,1471.9521670000795
144,1475.9521670000795
144,1479.9521670000795
144,1483.9521670000795
144,1487.9521670000795
144,1491.9521670000795
145,1495.9521670000795
145,1499.9521670000795
145,1503.9521670000795
145,1507.9521670000795
145,1511.9521670000795
146,1515.9521670000795
146,1519.9521670000795
146,1523.9521670000795
146,1527.9521670000795
147,1531.9521670000795
147,1535.9521670000795
147,1539.9521670000795
147,1543.9521670000795
148,1547.9521670000795
148,1551.9521670000795
148,1555.9521670000795
148,1559.9521670000795
148,1563.9521670000795
149,1567.9521670000795
149,1571.9521670000795
150,1575.9521670000795
150,1579.9521670000795
150,1583.9521670000795
150,1587.9521670000795
150,1591.9521670000795
151,1595.9521670000795
151,1599.9521670000795
151,1603.9521670000795
151,1607.9521670000795
151,1611.9521670000795
151,1615.9521670000795
152,1619.9521670000795
152,1623.9521670000795
152,1627.9521670000795
152,1631.9521670000795
153,1635.9521670000795
153,1639.9521670000795
153,1643.9521670000795
154,1647.9521670000795
154,1651.9521670000795
154,1655.9521670000795
155,1659.9521670000795
155,1663.9521670000795
155,1667.9521670000795
156,1671.9521670000795
156,1675.9521670000795
157,1679.9521670000795
157,1683.9521670000795
158,1687.9521670000795
158,1691.9521670000795
159,1695.9521670000795
160,1699.9521670000795
160,1703.9521670000795
161,1707.9521670000795
162,1711.9521670000795
162,1715.9521670000795
163,1719.9521670000795
163,1723.9521670000795
164,1727.9521670000795
165,1731.9521670000795
165,1735.9521670000795
166,1739.9521670000795
167,1743.9521670000795
167,1747.9521670000795
168,1751.9521670000795
168,1755.9521670000795
169,1759.9521670000795
170,1763.9521670000795
170,1767.9521670000795
171,1771.9521670000795
171,1775.9521670000795
172,1779.9521670000795
173,1783.9521670000795
173,1787.9521670000795
174,1791.9521670000795
174,1795.9521670000795
175,1799.9521670000795
175,1803.9521670000795
176,1807.9521670000795
177,1811.9521670000795
177,1815.9521670000795
178,1819.9521670000795
178,1823.9521670000795
179,1827.9521670000795
179,1831.9521670000795
180,1835.9521670000795
180,1839.9521670000795
181,1843.9521670000795
182,1847.9521670000795
183,1851.9521670000795
184,1855.9521670000795
185,1859.9521670000795
186,1863.9521670000795
186,1867.9521670000795
187,1871.9521670000795
188,1875.9521670000795
189,1879.9521670000795
190,1883.9521670000795
191,1887.9521670000795
192,1891.9521670000795
192,1895.9521670000795
193,1899.9521670000795
194,1903.9521670000795
195,1907.9521670000795
196,1911.9521670000795
197,1915.9521670000795
198,1919.9521670000795
199,1923.9521670000795
200,1927.9521670000795
201,1931.9521670000795
202,1935.9521670000795
203,1939.9521670000795
203,1943.9521670000795
204,1947.9521670000795
205,1951.9521670000795
206,1955.9521670000795
206,1959.9521670000795
207,1963.9521670000795
208,1967.9521670000795
208,1971.9521670000795
209,1975.9521670000795
210,1979.9521670000795
210,1983.9521670000795
211,1987.9521670000795
211,1991.9521670000795
212,1995.9521670000795
213,1999.9521670000795
213,2003.9521670000795
214,2007.9521670000795
214,2011.9521670000795
214,2015.9521670000795
215,2019.9521670000795
215,2023.9521670000795
216,2027.9521670000795
216,2031.9521670000795
216,2035.9521670000795
217,2039.9521670000795
217,2043.9521670000795
217,2047.9521670000795
217,2051.9521670000795
218,2055.9521670000795
218,2059.9521670000795
218,2063.9521670000795
218,2067.9521670000795
219,2071.9521670000795
219,2075.9521670000795
220,2079.9521670000795
220,2083.9521670000795
220,2087.9521670000795
220,2091.9521670000795
221,2095.9521670000795
221,2099.9521670000795
222,2103.9521670000795
222,2107.9521670000795
223,2111.9521670000795
223,2115.9521670000795
224,2119.9521670000795
224,2123.9521670000795
225,2127.9521670000795
226,2131.9521670000795
226,2135.9521670000795
226,2139.9521670000795
227,2143.9521670000795
228,2147.9521670000795
229,2151.9521670000795
229,2155.9521670000795
230,2159.9521670000795
231,2163.9521670000795
231,2167.9521670000795
232,2171.9521670000795
232,2175.9521670000795
233,2179.9521670000795
233,2183.9521670000795
234,2187.9521670000795
234,2191.9521670000795
235,2195.9521670000795
235,2199.9521670000795
236,2203.9521670000795
236,2207.9521670000795
237,2211.9521670000795
237,2215.9521670000795
238,2219.9521670000795
239,2223.9521670000795
240,2227.9521670000795
240,2231.9521670000795
241,2235.9521670000795
242,2239.9521670000795
242,2243.9521670000795
243,2247.9521670000795
243,2251.9521670000795
244,2255.9521670000795
245,2259.9521670000795
246,2263.9521670000795
246,2267.9521670000795
247,2271.9521670000795
248,2275.9521670000795
248,2279.9521670000795
249,2283.9521670000795
249,2287.9521670000795
250,2291.9521670000795
251,2295.9521670000795
251,2299.9521670000795
252,2303.9521670000795
253,2307.9521670000795
253,2311.9521670000795
254,2315.9521670000795
255,2319.9521670000795
255,2323.9521670000795
255,2327.9521670000795
255,2331.9521670000795
255,2335.9521670000795
255,2339.9521670000795
255,2343.9521670000795
255,2347.9521670000795
255,2351.9521670000795
255,2355.9521670000795
255,2359.9521670000795
255,2363.9521670000795
255,2367.9521670000795
255,2371.9521670000795
255,2375.9521670000795
255,2379.9521670000795
255,2383.9521670000795
255,2387.9521670000795
255,2391.9521670000795
255,2395.9521670000795
255,2399.9521670000795
255,2403.9521670000795
255,2407.9521670000795
255,2411.9521670000795
255,2415.9521670000795
255,2419.9521670000795
255,2423.9521670000795
255,2427.9521670000795
255,2431.9521670000795
255,2435.9521670000795
255,2439.9521670000795
255,2443.9521670000795
255,2447.9521670000795
255,2451.9521670000795
255,2455.9521670000795
255,2459.9521670000795
255,2463.9521670000795
255,2467.9521670000795
255,2471.9521670000795
255,2475.9521670000795
255,2479.9521670000795
255,2483.9521670000795
255,2487.9521670000795
255,2491.9521670000795
255,2495.9521670000795
255,2499.9521670000795
255,2503.9521670000795
255,2507.9521670000795
255,2511.9521670000795
255,2515.9521670000795
255,2519.9521670000795
255,2523.9521670000795
255,2527.9521670000795
255,2531.9521670000795
255,2535.9521670000795
255,2539.9521670000795
255,2543.9521670000795
255,2547.9521670000795
255,2551.9521670000795
255,2555.9521670000795
255,2559.9521670000795
255,2563.9521670000795
255,2567.9521670000795
255,2571.9521670000795
255,2575.9521670000795
255,2579.9521670000795
255,2583.9521670000795
255,2587.9521670000795
255,2591.9521670000795
255,2595.9521670000795
255,2599.9521670000795
255,2603.9521670000795
255,2607.9521670000795
255,2611.9521670000795
255,2615.9521670000795
255,2619.9521670000795
255,2623.9521670000795
255,2627.9521670000795
255,2631.9521670000795
255,2635.9521670000795
255,2639.9521670000795
255,2643.9521670000795
255,2647.9521670000795
255,2651.9521670000795
255,2655.9521670000795
255,2659.9521670000795
255,2663.9521670000795
255,2667.9521670000795
255,2671.9521670000795
255,2675.9521670000795
255,2679.9521670000795
255,2683.9521670000795
255,2687.9521670000795
255,2691.9521670000795
255,2695.9521670000795
255,2699.9521670000795
255,2703.9521670000795
255,2707.9521670000795
255,2711.9521670000795
255,2715.9521670000795
255,2719.9521670000795
255,2723.9521670000795
255,2727.9521670000795
255,2731.9521670000795
255,2735.9521670000795
255,2739.9521670000795
255,2743.9521670000795
255,2747.9521670000795
255,2751.9521670000795
255,2755.9521670000795
255,2759.9521670000795
255,2763.9521670000795
255,2767.9521670000795
255,2771.9521670000795
255,2775.9521670000795
255,2779.9521670000795
255,2783.9521670000795
255,2787.9521670000795
255,2791.9521670000795
255,2795.9521670000795
255,2799.9521670000795
255,2803.9521670000795
255,2807.9521670000795
255,2811.9521670000795
255,2815.9521670000795
255,2819.9521670000795
255,2823.9521670000795
255,2827.9521670000795
255,2831.9521670000795
255,2835.9521670000795
255,2839.9521670000795
255,2843.9521670000795
255,2847.9521670000795
255,2851.9521670000795
255,2855.9521670000795
255,2859.9521670000795
255,2863.9521670000795
255,2867.9521670000795
255,2871.9521670000795
255,2875.9521670000795
255,2879.9521670000795
255,2883.9521670000795
255,2887.9521670000795
255,2891.9521670000795
255,2895.9521670000795
255,2899.9521670000795
255,2903.9521670000795
255,2907.9521670000795
255,2911.9521670000795
255,2915.9521670000795
255,2919.9521670000795
255,2923.9521670000795
255,2927.9521670000795
255,2931.9521670000795
255,2935.9521670000795
255,2939.9521670000795
255,2943.9521670000795
255,2947.9521670000795
255,2951.9521670000795
255,2955.9521670000795
255,2959.9521670000795
255,2963.9521670000795
255,2967.9521670000795
255,2971.9521670000795
255,2975.9521670000795
255,2979.9521670000795
255,2983.9521670000795
255,2987.9521670000795
255,2991.9521670000795
255,2995.9521670000795
255,2999.9521670000795
255,3003.9521670000795
255,3007.9521670000795
255,3011.9521670000795
255,3015.9521670000795
255,3019.9521670000795
255,3023.9521670000795
255,3027.9521670000795
255,3031.9521670000795
255,3035.9521670000795
255,3039.9521670000795
255,3043.9521670000795
255,3047.9521670000795
255,3051.9521670000795
255,3055.9521670000795
255,3059.9521670000795
255,3063.9521670000795
255,3067.9521670000795
255,3071.9521670000795
255,3075.9521670000795
255,3079.9521670000795
255,3083.9521670000795
255,3087.9521670000795
255,3091.9521670000795
255,3095.9521670000795
255,3099.9521670000795
255,3103.9521670000795
255,3107.9521670000795
255,3111.9521670000795
255,3115.9521670000795
255,3119.9521670000795
255,3123.9521670000795
255,3127.9521670000795
255,3131.9521670000795
255,3135.9521670000795
255,3139.9521670000795
255,3143.9521670000795
255,3147.9521670000795
255,3151.9521670000795
255,3155.9521670000795
255,3159.9521670000795
255,3163.9521670000795
255,3167.9521670000795
255,3171.9521670000795
255,3175.9521670000795
255,3179.9521670000795
255,3183.9521670000795
255,3187.9521670000795
255,3191.9521670000795
255,3195.9521670000795
255,3199.9521670000795
255,3203.9521670000795
255,3207.9521670000795
255,3211.9521670000795
255,3215.9521670000795
255,3219.9521670000795
255,3223.9521670000795
255,3227.9521670000795
255,3231.9521670000795
255,3235.9521670000795
255,3239.9521670000795
255,3243.9521670000795
255,3247.9521670000795
255,3251.9521670000795
255,3255.9521670000795
255,3259.9521670000795
255,3263.9521670000795
255,3267.9521670000795
255,3271.9521670000795
255,3275.9521670000795
255,3279.9521670000795
255,3283.9521670000795
255,3287.9521670000795
255,3291.9521670000795
255,3295.9521670000795
255,3299.9521670000795
255,3303.9521670000795
255,3307.9521670000795
255,3311.9521670000795
255,3315.9521670000795
255,3319.9521670000795
255,3323.9521670000795
255,3327.9521670000795
255,3331.9521670000795
255,3335.9521670000795
255,3339.9521670000795
255,3343.9521670000795
255,3347.9521670000795
255,3351.9521670000795
255,3355.9521670000795
255,3359.9521670000795
255,3363.9521670000795
255,3367.9521670000795
255,3371.9521670000795
255,3375.9521670000795
255,3379.9521670000795
255,3383.9521670000795
255,3387.9521670000795
255,3391.9521670000795
255,3395.9521670000795
255,3399.9521670000795
255,3403.9521670000795
255,3407.9521670000795
255,3411.9521670000795
255,3415.9521670000795
255,3419.9521670000795
255,3423.9521670000795
255,3427.9521670000795
255,3431.9521670000795
255,3435.9521670000795
255,3439.9521670000795
255,3443.9521670000795
255,3447.9521670000795
255,3451.9521670000795
255,3455.9521670000795
255,3459.9521670000795
255,3463.9521670000795
255,3467.9521670000795
255,3471.9521670000795
255,3475.9521670000795
255,3479.9521670000795
255,3483.9521670000795
255,3487.9521670000795
255,3491.9521670000795
255,3495.9521670000795
255,3499.9521670000795
255,3503.9521670000795
255,3507.9521670000795
255,3511.9521670000795
255,3515.9521670000795
255,3519.9521670000795
255,3523.9521670000795
255,3527.9521670000795
255,3531.9521670000795
255,3535.9521670000795
255,3539.9521670000795
255,3543.9521670000795
255,3547.9521670000795
255,3551.9521670000795
255,3555.9521670000795
255,3559.9521670000795
255,3563.9521670000795
255,3567.9521670000795
255,3571.9521670000795
255,3575.9521670000795
255,3579.9521670000795
255,3583.9521670000795
255,3587.9521670000795
255,3591.9521670000795
255,3595.9521670000795
255,3599.9521670000795
255,3603.9521670000795
255,3607.9521670000795
255,3611.9521670000795
255,3615.9521670000795
255,3619.9521670000795
255,3623.9521670000795
255,3627.9521670000795
255,3631.9521670000795
255,3635.9521670000795
255,3639.9521670000795
255,3643.9521670000795
255,3647.9521670000795
255,3651.9521670000795
255,3655.9521670000795
255,3659.9521670000795
255,3663.9521670000795
255,3667.9521670000795
255,3671.9521670000795
255,3675.9521670000795
255,3679.9521670000795
255,3683.9521670000795
255,3687.9521670000795
255,3691.9521670000795
255,3695.9521670000795
255,3699.9521670000795
255,3703.9521670000795
255,3707.9521670000795
255,3711.9521670000795
255,3715.9521670000795
255,3719.9521670000795
255,3723.9521670000795
255,3727.9521670000795
255,3731.9521670000795
255,3735.9521670000795
255,3739.9521670000795
255,3743.9521670000795
255,3747.9521670000795
255,3751.9521670000795
255,3755.9521670000795
255,3759.9521670000795
255,3763.9521670000795
255,3767.9521670000795
255,3771.9521670000795
255,3775.9521670000795
255,3779.9521670000795
255,3783.9521670000795
255,3787.9521670000795
255,3791.9521670000795
255,3795.9521670000795
255,3799.9521670000795
255,3803.9521670000795
255,3807.9521670000795
255,3811.9521670000795
255,3815.9521670000795
255,3819.9521670000795
255,3823.9521670000795
255,3827.9521670000795
255,3831.9521670000795
255,3835.9521670000795
255,3839.9521670000795
255,3843.9521670000795
255,3847.9521670000795
255,3851.9521670000795
255,3855.9521670000795
255,3859.9521670000795
255,3863.9521670000795
255,3867.9521670000795
255,3871.9521670000795
255,3875.9521670000795
255,3879.9521670000795
255,3883.9521670000795
255,3887.9521670000795
255,3891.9521670000795
255,3895.9521670000795
255,3899.9521670000795
255,3903.9521670000795
255,3907.9521670000795
255,3911.9521670000795
255,3915.9521670000795
255,3919.9521670000795
255,3923.9521670000795
255,3927.9521670000795
255,3931.9521670000795
255,3935.9521670000795
255,3939.9521670000795
255,3943.9521670000795
255,3947.9521670000795
255,3951.9521670000795
255,3955.9521670000795
255,3959.9521670000795
255,3963.9521670000795
255,3967.9521670000795
255,3971.9521670000795
255,3975.9521670000795
255,3979.9521670000795
255,3983.9521670000795
255,3987.9521670000795
255,3991.9521670000795
255,3995.9521670000795
255,3999.9521670000795
255,4003.9521670000795
255,4007.9521670000795
255,4011.9521670000795
255,4015.9521670000795
255,4019.9521670000795
255,4023.9521670000795
255,4027.9521670000795
255,4031.9521670000795
255,4035.9521670000795
255,4039.9521670000795
255,4043.9521670000795
255,4047.9521670000795
255,4051.9521670000795
255,4055.9521670000795
255,4059.9521670000795
255,4063.9521670000795
255,4067.9521670000795
255,4071.9521670000795
255,4075.9521670000795
255,4079.9521670000795
255,4083.9521670000795
255,4087.9521670000795
255,4091.9521670000795
255,4095.9521670000795
255,4099.9521670000795
255,4103.9521670000795
255,4107.9521670000795
255,4111.9521670000795
255,4115.9521670000795
255,4119.9521670000795
255,4123.9521670000795
255,4127.9521670000795
255,4131.9521670000795
255,4135.9521670000795
255,4139.9521670000795
255,4143.9521670000795
255,4147.9521670000795
255,4151.9521670000795
255,4155.9521670000795
255,4159.9521670000795
255,4163.9521670000795
255,4167.9521670000795
255,4171.9521670000795
255,4175.9521670000795
255,4179.9521670000795
255,4183.9521670000795
255,4187.9521670000795
255,4191.9521670000795
255,4195.9521670000795
255,4199.9521670000795
255,4203.9521670000795
255,4207.9521670000795
255,4211.9521670000795
255,4215.9521670000795
255,4219.9521670000795
255,4223.9521670000795
255,4227.9521670000795
255,4231.9521670000795
255,4235.9521670000795
255,4239.9521670000795
255,4243.9521670000795
255,4247.9521670000795
255,4251.9521670000795
255,4255.9521670000795
255,4259.9521670000795
255,4263.9521670000795
255,4267.9521670000795
255,4271.9521670000795
255,4275.9521670000795
255,4279.9521670000795
255,4283.9521670000795
255,4287.9521670000795
255,4291.9521670000795
255,4295.9521670000795
255,4299.9521670000795
255,4303.9521670000795
255,4307.9521670000795
255,4311.9521670000795
255,4315.9521670000795
255,4319.9521670000795
255,4323.9521670000795
255,4327.9521670000795
255,4331.9521670000795
255,4335.9521670000795
255,4339.9521670000795
255,4343.9521670000795
255,4347.9521670000795
255,4351.9521670000795
255,4355.9521670000795
255,4359.9521670000795
255,4363.9521670000795
255,4367.9521670000795
255,4371.9521670000795
255,4375.9521670000795
255,4379.9521670000795
255,4383.9521670000795
255,4387.9521670000795
255,4391.9521670000795
255,4395.9521670000795
255,4399.9521670000795
255,4403.9521670000795
255,4407.9521670000795
255,4411.9521670000795
255,4415.9521670000795
255,4419.9521670000795
255,4423.9521670000795
255,4427.9521670000795
255,4431.9521670000795
255,4435.9521670000795
255,4439.9521670000795
255,4443.9521670000795
255,4447.9521670000795
255,4451.9521670000795
255,4455.9521670000795
255,4459.9521670000795
255,4463.9521670000795
255,4467.9521670000795
255,4471.9521670000795
255,4475.9521670000795
255,4479.9521670000795
255,4483.9521670000795
255,4487.9521670000795
255,4491.9521670000795
255,4495.9521670000795
255,4499.9521670000795
255,4503.9521670000795
255,4507.9521670000795
255,4511.9521670000795
255,4515.9521670000795
255,4519.9521670000795
255,4523.9521670000795
255,4527.9521670000795
255,4531.9521670000795
255,4535.9521670000795
255,4539.9521670000795
255,4543.9521670000795
255,4547.9521670000795
255,4551.9521670000795
255,4555.9521670000795
255,4559.9521670000795
255,4563.9521670000795
255,4567.9521670000795
255,4571.9521670000795
255,4575.9521670000795
255,4579.9521670000795
255,4583.9521670000795
255,4587.9521670000795
255,4591.9521670000795
255,4595.9521670000795
255,4599.9521670000795
255,4603.9521670000795
255,4607.9521670000795
255,4611.9521670000795
255,4615.9521670000795
255,4619.9521670000795
255,4623.9521670000795
255,4627.9521670000795
255,4631.9521670000795
255,4635.9521670000795
255,4639.9521670000795
255,4643.9521670000795
255,4647.9521670000795
255,4651.9521670000795
255,4655.9521670000795
255,4659.9521670000795
255,4663.9521670000795
255,4667.9521670000795
255,4671.9521670000795
255,4675.9521670000795
255,4679.9521670000795
255,4683.9521670000795
255,4687.9521670000795
255,4691.9521670000795
255,4695.9521670000795
255,4699.9521670000795
255,4703.9521670000795
255,4707.9521670000795
255,4711.9521670000795
255,4715.9521670000795
255,4719.9521670000795
255,4723.9521670000795
255,4727.9521670000795
255,4731.9521670000795
255,4735.9521670000795
255,4739.9521670000795
255,4743.9521670000795
255,4747.9521670000795
255,4751.9521670000795
255,4755.9521670000795
255,4759.9521670000795
255,4763.9521670000795
255,4767.9521670000795
255,4771.9521670000795
255,4775.9521670000795
255,4779.9521670000795
255,4783.9521670000795
255,4787.9521670000795
255,4791.9521670000795
255,4795.9521670000795
255,4799.9521670000795
255,4803.9521670000795
255,4807.9521670000795
255,4811.9521670000795
255,4815.9521670000795
255,4819.9521670000795
255,4823.9521670000795
255,4827.9521670000795
255,4831.9521670000795
255,4835.9521670000795
255,4839.9521670000795
255,4843.9521670000795
255,4847.9521670000795
255,4851.9521670000795
255,4855.9521670000795
255,4859.9521670000795
255,4863.9521670000795
255,4867.9521670000795
255,4871.9521670000795
255,4875.9521670000795
255,4879.9521670000795
255,4883.9521670000795
255,4887.9521670000795
255,4891.9521670000795
255,4895.9521670000795
255,4899.9521670000795
255,4903.9521670000795
255,4907.9521670000795
255,4911.9521670000795
255,4915.9521670000795
255,4919.9521670000795
255,4923.9521670000795
255,4927.9521670000795
255,4931.9521670000795
255,4935.9521670000795
255,4939.9521670000795
255,4943.9521670000795
255,4947.9521670000795
255,4951.9521670000795
255,4955.9521670000795
255,4959.9521670000795
255,4963.9521670000795
255,4967.9521670000795
255,4971.9521670000795
255,4975.9521670000795
255,4979.9521670000795
255,4983.9521670000795
255,4987.9521670000795
255,4991.9521670000795
255,4995.9521670000795
255,4999.9521670000795
255,5003.9521670000795
255,5007.9521670000795
255,5011.9521670000795
255,5015.9521670000795
255,5019.9521670000795
255,5023.9521670000795
255,5027.9521670000795
255,5031.9521670000795
255,5035.9521670000795
255,5039.9521670000795
255,5043.9521670000795
255,5047.9521670000795
255,5051.9521670000795
255,5055.9521670000795
255,5059.9521670000795
255,5063.9521670000795
255,5067.9521670000795
255,5071.9521670000795
255,5075.9521670000795
255,5079.9521670000795
255,5083.9521670000795
255,5087.9521670000795
255,5091.9521670000795
255,5095.9521670000795
255,5099.9521670000795
255,5103.9521670000795
255,5107.9521670000795
255,5111.9521670000795
255,5115.9521670000795
255,5119.9521670000795
255,5123.9521670000795
255,5127.9521670000795
255,5131.9521670000795
255,5135.9521670000795
255,5139.9521670000795
255,5143.9521670000795
255,5147.9521670000795
255,5151.9521670000795
255,5155.9521670000795
255,5159.9521670000795
255,5163.9521670000795
255,5167.9521670000795
255,5171.9521670000795
255,5175.9521670000795
255,5179.9521670000795
255,5183.9521670000795
255,5187.9521670000795
255,5191.9521670000795
255,5195.9521670000795
255,5199.9521670000795
255,5203.9521670000795
255,5207.9521670000795
255,5211.9521670000795
255,5215.9521670000795
255,5219.9521670000795
255,5223.9521670000795
255,5227.9521670000795
255,5231.9521670000795
255,5235.9521670000795
255,5239.9521670000795
255,5243.9521670000795
255,5247.9521670000795
255,5251.9521670000795
255,5255.9521670000795
255,5259.9521670000795
255,5263.9521670000795
255,5267.9521670000795
255,5271.9521670000795
255,5275.9521670000795
255,5279.9521670000795
255,5283.9521670000795
255,5287.9521670000795
255,5291.9521670000795
255,5295.9521670000795
255,5299.9521670000795
255,5303.9521670000795
255,5307.9521670000795
255,5311.9521670000795
255,5315.9521670000795
255,5319.9521670000795
255,5323.9521670000795
255,5327.9521670000795
255,5331.9521670000795
255,5335.9521670000795
255,5339.9521670000795
255,5343.9521670000795
255,5347.9521670000795
255,5351.9521670000795
255,5355.9521670000795
255,5359.9521670000795
255,5363.9521670000795
255,5367.9521670000795
255,5371.9521670000795
255,5375.9521670000795
255,5379.9521670000795
255,5383.9521670000795
255,5387.9521670000795
255,5391.9521670000795
255,5395.9521670000795
255,5399.9521670000795
255,5403.9521670000795
255,5407.9521670000795
255,5411.9521670000795
255,5415.9521670000795
255,5419.9521670000795
255,5423.9521670000795
255,5427.9521670000795
255,5431.9521670000795
255,5435.9521670000795
255,5439.9521670000795
255,5443.9521670000795
255,5447.9521670000795
255,5451.9521670000795
255,5455.9521670000795
255,5459.9521670000795
255,5463.9521670000795
255,5467.9521670000795
255,5471.9521670000795
255,5475.9521670000795
255,5479.9521670000795
255,5483.9521670000795
255,5487.9521670000795
255,5491.9521670000795
255,5495.9521670000795
255,5499.9521670000795
255,5503.9521670000795
255,5507.9521670000795
255,5511.9521670000795
255,5515.9521670000795
255,5519.9521670000795
255,5523.9521670000795
255,5527.9521670000795
255,5531.9521670000795
255,5535.9521670000795
255,5539.9521670000795
255,5543.9521670000795
255,5547.9521670000795
255,5551.9521670000795
255,5555.9521670000795
255,5559.9521670000795
255,5563.9521670000795
255,5567.9521670000795
255,5571.9521670000795
255,5575.9521670000795
255,5579.9521670000795
255,5583.9521670000795
255,5587.9521670000795
255,5591.9521670000795
255,5595.9521670000795
255,5599.9521670000795
255,5603.9521670000795
255,5607.9521670000795
255,5611.9521670000795
255,5615.9521670000795
255,5619.9521670000795
255,5623.9521670000795
255,5627.9521670000795
255,5631.9521670000795
255,5635.9521670000795
255,5639.9521670000795
255,5643.9521670000795
255,5647.9521670000795
255,5651.9521670000795
255,5655.9521670000795
255,5659.9521670000795
255,5663.9521670000795
255,5667.9521670000795
255,5671.9521670000795
255,5675.9521670000795
255,5679.9521670000795
255,5683.9521670000795
255,5687.9521670000795
255,5691.9521670000795
255,5695.9521670000795
255,5699.9521670000795
255,5703.9521670000795
255,5707.9521670000795
255,5711.9521670000795
255,5715.9521670000795
255,5719.9521670000795
255,5723.9521670000795
255,5727.9521670000795
255,5731.9521670000795
255,5735.9521670000795
255,5739.9521670000795
255,5743.9521670000795
255,5747.9521670000795
255,5751.9521670000795
255,5755.9521670000795
255,5759.9521670000795
255,5763.9521670000795
255,5767.9521670000795
255,5771.9521670000795
255,5775.9521670000795
255,5779.9521670000795
255,5783.9521670000795
255,5787.9521670000795
255,5791.9521670000795
255,5795.9521670000795
255,5799.9521670000795
255,5803.9521670000795
255,5807.9521670000795
255,5811.9521670000795
255,5815.9521670000795
255,5819.9521670000795
255,5823.9521670000795
255,5827.9521670000795
255,5831.9521670000795
255,5835.9521670000795
255,5839.9521670000795
255,5843.9521670000795
255,5847.9521670000795
255,5851.9521670000795
255,5855.9521670000795
255,5859.9521670000795
255,5863.9521670000795
255,5867.9521670000795
255,5871.9521670000795
255,5875.9521670000795
255,5879.9521670000795
255,5883.9521670000795
255,5887.9521670000795
255,5891.9521670000795
255,5895.9521670000795
255,5899.9521670000795
255,5903.9521670000795
255,5907.9521670000795
255,5911.9521670000795
255,5915.9521670000795
255,5919.9521670000795
255,5923.9521670000795
255,5927.9521670000795
255,5931.9521670000795
255,5935.9521670000795
255,5939.9521670000795
255,5943.9521670000795
255,5947.9521670000795
255,5951.9521670000795
255,5955.9521670000795
255,5959.9521670000795
255,5963.9521670000795
255,5967.9521670000795
255,5971.9521670000795
255,5975.9521670000795
255,5979.9521670000795
255,5983.9521670000795
255,5987.9521670000795
255,5991.9521670000795
255,5995.9521670000795
255,5999.9521670000795
255,6003.9521670000795
255,6007.9521670000795
255,6011.9521670000795
255,6015.9521670000795
255,6019.9521670000795
255,6023.9521670000795
255,6027.9521670000795
255,6031.9521670000795
255,6035.9521670000795
255,6039.9521670000795
255,6043.9521670000795
255,6047.9521670000795
255,6051.9521670000795
255,6055.9521670000795
255,6059.9521670000795
255,6063.9521670000795
255,6067.9521670000795
255,6071.9521670000795
255,6075.9521670000795
255,6079.9521670000795
255,6083.9521670000795
255,6087.9521670000795
255,6091.9521670000795
255,6095.9521670000795
255,6099.9521670000795
255,6103.9521670000795
255,6107.9521670000795
255,6111.9521670000795
255,6115.9521670000795
255,6119.9521670000795
255,6123.9521670000795
255,6127.9521670000795
255,6131.9521670000795
255,6135.9521670000795
255,6139.9521670000795
255,6143.9521670000795
255,6147.9521670000795
255,6151.9521670000795
255,6155.9521670000795
255,6159.9521670000795
255,6163.9521670000795
255,6167.9521670000795
255,6171.9521670000795
255,6175.9521670000795
255,6179.9521670000795
255,6183.9521670000795
255,6187.9521670000795
255,6191.9521670000795
255,6195.9521670000795
255,6199.9521670000795
255,6203.9521670000795
255,6207.9521670000795
255,6211.9521670000795
255,6215.9521670000795
255,6219.9521670000795
255,6223.9521670000795
255,6227.9521670000795
255,6231.9521670000795
255,6235.9521670000795
255,6239.9521670000795
255,6243.9521670000795
255,6247.9521670000795
255,6251.9521670000795
255,6255.9521670000795
255,6259.9521670000795
255,6263.9521670000795
255,6267.9521670000795
255,6271.9521670000795
255,6275.9521670000795
255,6279.9521670000795
255,6283.9521670000795
255,6287.9521670000795
255,6291.9521670000795
255,6295.9521670000795
255,6299.9521670000795
255,6303.9521670000795
255,6307.9521670000795
255,6311.9521670000795
255,6315.9521670000795
255,6319.9521670000795
255,6323.9521670000795
255,6327.9521670000795
255,6331.9521670000795
255,6335.9521670000795
255,6339.9521670000795
255,6343.9521670000795
255,6347.9521670000795
255,6351.9521670000795
255,6355.9521670000795
255,6359.9521670000795
255,6363.9521670000795
255,6367.9521670000795
255,6371.9521670000795
255,6375.9521670000795
255,6379.9521670000795
255,6383.9521670000795
255,6387.9521670000795
255,6391.9521670000795
255,6395.9521670000795
255,6399.9521670000795
255,6403.9521670000795
255,6407.9521670000795
255,6411.9521670000795
255,6415.9521670000795
255,6419.9521670000795
255,6423.9521670000795
255,6427.9521670000795
255,6431.9521670000795
255,6435.9521670000795
255,6439.9521670000795
255,6443.9521670000795
255,6447.9521670000795
255,6451.9521670000795
255,6455.9521670000795
255,6459.9521670000795
255,6463.9521670000795
255,6467.9521670000795
255,6471.9521670000795
255,6475.9521670000795
255,6479.9521670000795
255,6483.9521670000795
255,6487.9521670000795
255,6491.9521670000795
255,6495.9521670000795
255,6499.9521670000795
255,6503.9521670000795
255,6507.9521670000795
255,6511.9521670000795
255,6515.9521670000795
255,6519.9521670000795
255,6523.9521670000795
255,6527.9521670000795
255,6531.9521670000795
255,6535.9521670000795
255,6539.9521670000795
255,6543.9521670000795
255,6547.9521670000795
255,6551.9521670000795
255,6555.9521670000795
255,6559.9521670000795
255,6563.9521670000795
255,6567.9521670000795
255,6571.9521670000795
255,6575.9521670000795
255,6579.9521670000795
255,6583.9521670000795
255,6587.9521670000795
255,6591.9521670000795
255,6595.9521670000795
255,6599.9521670000795
255,6603.9521670000795
255,6607.9521670000795
255,6611.9521670000795
255,6615.9521670000795
255,6619.9521670000795
255,6623.9521670000795
255,6627.9521670000795
255,6631.9521670000795
255,6635.9521670000795
255,6639.9521670000795
255,6643.9521670000795
255,6647.9521670000795
255,6651.9521670000795
255,6655.9521670000795
255,6659.9521670000795
255,6663.9521670000795
255,6667.9521670000795
255,6671.9521670000795
255,6675.9521670000795
255,6679.9521670000795
255,6683.9521670000795
255,6687.9521670000795
255,6691.9521670000795
255,6695.9521670000795
255,6699.9521670000795
255,6703.9521670000795
255,6707.9521670000795
255,6711.9521670000795
255,6715.9521670000795
255,6719.9521670000795
255,6723.9521670000795
255,6727.9521670000795
255,6731.9521670000795
255,6735.9521670000795
255,6739.9521670000795
255,6743.9521670000795
255,6747.9521670000795
255,6751.9521670000795
255,6755.9521670000795
255,6759.9521670000795
255,6763.9521670000795
255,6767.9521670000795
255,6771.9521670000795
255,6775.9521670000795
255,6779.9521670000795
255,6783.9521670000795
255,6787.9521670000795
255,6791.9521670000795
255,6795.9521670000795
255,6799.9521670000795
255,6803.9521670000795
255,6807.9521670000795
255,6811.9521670000795
255,6815.9521670000795
255,6819.9521670000795
255,6823.9521670000795
255,6827.9521670000795
255,6831.9521670000795
255,6835.9521670000795
255,6839.9521670000795
255,6843.9521670000795
255,6847.9521670000795
255,6851.9521670000795
255,6855.9521670000795
255,6859.9521670000795
255,6863.9521670000795
255,6867.9521670000795
255,6871.9521670000795
255,6875.9521670000795
255,6879.9521670000795
255,6883.9521670000795
255,6887.9521670000795
255,6891.9521670000795
255,6895.9521670000795
255,6899.9521670000795
255,6903.9521670000795
255,6907.9521670000795
255,6911.9521670000795
255,6915.9521670000795
255,6919.9521670000795
255,6923.9521670000795
255,6927.9521670000795
255,6931.9521670000795
255,6935.9521670000795
255,6939.9521670000795
255,6943.9521670000795
255,6947.9521670000795
255,6951.9521670000795
255,6955.9521670000795
255,6959.9521670000795
255,6963.9521670000795
255,6967.9521670000795
255,6971.9521670000795
255,6975.9521670000795
255,6979.9521670000795
255,6983.9521670000795
255,6987.9521670000795
255,6991.9521670000795
255,6995.9521670000795
255,6999.9521670000795
255,7003.9521670000795
255,7007.9521670000795
255,7011.9521670000795
255,7015.9521670000795
255,7019.9521670000795
255,7023.9521670000795
255,7027.9521670000795
255,7031.9521670000795
255,7035.9521670000795
255,7039.9521670000795
255,7043.9521670000795
255,7047.9521670000795
255,7051.9521670000795
255,7055.9521670000795
255,7059.9521670000795
255,7063.9521670000795
255,7067.9521670000795
255,7071.9521670000795
255,7075.9521670000795
255,7079.9521670000795
255,7083.9521670000795
255,7087.9521670000795
255,7091.9521670000795
255,7095.9521670000795
255,7099.9521670000795
255,7103.9521670000795
255,7107.9521670000795
255,7111.9521670000795
255,7115.9521670000795
255,7119.9521670000795
255,7123.9521670000795
255,7127.9521670000795
255,7131.9521670000795
255,7135.9521670000795
255,7139.9521670000795
255,7143.9521670000795
255,7147.9521670000795
255,7151.9521670000795
255,7155.9521670000795
255,7159.9521670000795
255,7163.9521670000795
255,7167.9521670000795
255,7171.9521670000795
255,7175.9521670000795
255,7179.9521670000795
255,7183.9521670000795
255,7187.9521670000795
255,7191.9521670000795
255,7195.9521670000795
255,7199.9521670000795
255,7203.9521670000795
255,7207.9521670000795
255,7211.9521670000795
255,7215.9521670000795
255,7219.9521670000795
255,7223.9521670000795
255,7227.9521670000795
255,7231.9521670000795
255,7235.9521670000795
255,7239.9521670000795
255,7243.9521670000795
255,7247.9521670000795
255,7251.9521670000795
255,7255.9521670000795
255,7259.9521670000795
255,7263.9521670000795
255,7267.9521670000795
255,7271.9521670000795
255,7275.9521670000795
255,7279.9521670000795
255,7283.9521670000795
255,7287.9521670000795
255,7291.9521670000795
255,7295.9521670000795
255,7299.9521670000795
255,7303.9521670000795
255,7307.9521670000795
255,7311.9521670000795
255,7315.9521670000795
255,7319.9521670000795
255,7323.9521670000795
255,7327.9521670000795
255,7331.9521670000795
255,7335.9521670000795
255,7339.9521670000795
255,7343.9521670000795
255,7347.9521670000795
255,7351.9521670000795
255,7355.9521670000795
255,7359.9521670000795
255,7363.9521670000795
255,7367.9521670000795
255,7371.9521670000795
255,7375.9521670000795
255,7379.9521670000795
255,7383.9521670000795
255,7387.9521670000795
255,7391.9521670000795
255,7395.9521670000795
255,7399.9521670000795
255,7403.9521670000795
255,7407.9521670000795
255,7411.9521670000795
255,7415.9521670000795
255,7419.9521670000795
255,7423.9521670000795
255,7427.9521670000795
255,7431.9521670000795
255,7435.9521670000795
255,7439.9521670000795
255,7443.9521670000795
255,7447.9521670000795
255,7451.9521670000795
255,7455.9521670000795
255,7459.9521670000795
255,7463.9521670000795
255,7467.9521670000795
255,7471.9521670000795
255,7475.9521670000795
255,7479.9521670000795
255,7483.9521670000795
255,7487.9521670000795
255,7491.9521670000795
255,7495.9521670000795
255,7499.9521670000795
255,7503.9521670000795
255,7507.9521670000795
255,7511.9521670000795
255,7515.9521670000795
255,7519.9521670000795
255,7523.9521670000795
255,7527.9521670000795
255,7531.9521670000795
255,7535.9521670000795
255,7539.9521670000795
255,7543.9521670000795
255,7547.9521670000795
255,7551.9521670000795
255,7555.9521670000795
255,7559.9521670000795
255,7563.9521670000795
255,7567.9521670000795
255,7571.9521670000795
255,7575.9521670000795
255,7579.9521670000795
255,7583.9521670000795
255,7587.9521670000795
255,7591.9521670000795
255,7595.9521670000795
255,7599.9521670000795
255,7603.9521670000795
255,7607.9521670000795
255,7611.9521670000795
255,7615.9521670000795
255,7619.9521670000795
255,7623.9521670000795
255,7627.9521670000795
255,7631.9521670000795
255,7635.9521670000795
255,7639.9521670000795
255,7643.9521670000795
255,7647.9521670000795
255,7651.9521670000795
255,7655.9521670000795
255,7659.9521670000795
255,7663.9521670000795
255,7667.9521670000795
255,7671.9521670000795
255,7675.9521670000795
255,7679.9521670000795
255,7683.9521670000795
255,7687.9521670000795
255,7691.9521670000795
255,7695.9521670000795
255,7699.9521670000795
255,7703.9521670000795
255,7707.9521670000795
255,7711.9521670000795
255,7715.9521670000795
255,7719.9521670000795
255,7723.9521670000795
255,7727.9521670000795
255,7731.9521670000795
255,7735.9521670000795
255,7739.9521670000795
255,7743.9521670000795
255,7747.9521670000795
255,7751.9521670000795
255,7755.9521670000795
255,7759.9521670000795
255,7763.9521670000795
255,7767.9521670000795
255,7771.9521670000795
255,7775.9521670000795
255,7779.9521670000795
255,7783.9521670000795
255,7787.9521670000795
255,7791.9521670000795
255,7795.9521670000795
255,7799.9521670000795
255,7803.9521670000795
255,7807.9521670000795
255,7811.9521670000795
255,7815.9521670000795
255,7819.9521670000795
255,7823.9521670000795
255,7827.9521670000795
255,7831.9521670000795
255,7835.9521670000795
255,7839.9521670000795
255,7843.9521670000795
255,7847.9521670000795
255,7851.9521670000795
255,7855.9521670000795
255,7859.9521670000795
255,7863.9521670000795
255,7867.9521670000795
255,7871.9521670000795
255,7875.9521670000795
255,7879.9521670000795
255,7883.9521670000795
255,7887.9521670000795
255,7891.9521670000795
255,7895.9521670000795
255,7899.9521670000795
255,7903.9521670000795
255,7907.9521670000795
255,7911.9521670000795
255,7915.9521670000795
255,7919.9521670000795
255,7923.9521670000795
255,7927.9521670000795
255,7931.9521670000795
255,7935.9521670000795
255,7939.9521670000795
255,7943.9521670000795
255,7947.9521670000795
255,7951.9521670000795
255,7955.9521670000795
255,7959.9521670000795
255,7963.9521670000795
255,7967.9521670000795
255,7971.9521670000795
255,7975.9521670000795
255,7979.9521670000795
255,7983.9521670000795
255,7987.9521670000795
255,7991.9521670000795
255,7995.9521670000795
255,7999.9521670000795
255,8003.9521670000795
255,8007.9521670000795
255,8011.9521670000795
255,8015.9521670000795
255,8019.9521670000795
255,8023.9521670000795
255,8027.9521670000795
255,8031.9521670000795
255,8035.9521670000795
255,8039.9521670000795
255,8043.9521670000795
255,8047.9521670000795
255,8051.9521670000795
255,8055.9521670000795
255,8059.9521670000795
255,8063.9521670000795
255,8067.9521670000795
255,8071.9521670000795
255,8075.9521670000795
255,8079.9521670000795
255,8083.9521670000795
255,8087.9521670000795
255,8091.9521670000795
255,8095.9521670000795
255,8099.9521670000795
255,8103.9521670000795
255,8107.9521670000795
255,8111.9521670000795
255,8115.9521670000795
255,8119.9521670000795
255,8123.9521670000795
255,8127.9521670000795
255,8131.9521670000795
255,8135.9521670000795
255,8139.9521670000795
255,8143.9521670000795
255,8147.9521670000795
255,8151.9521670000795
255,8155.9521670000795
255,8159.9521670000795
255,8163.9521670000795
255,8167.9521670000795
255,8171.9521670000795
255,8175.9521670000795
255,8179.9521670000795
255,8183.9521670000795
255,8187.9521670000795
255,8191.9521670000795
255,8195.95216700008
255,8199.95216700008
255,8203.95216700008
255,8207.95216700008
255,8211.95216700008
255,8215.95216700008
255,8219.95216700008
255,8223.95216700008
255,8227.95216700008
255,8231.95216700008
255,8235.95216700008
255,8239.95216700008
255,8243.95216700008
255,8247.95216700008
255,8251.95216700008
255,8255.95216700008
255,8259.95216700008
255,8263.95216700008
255,8267.95216700008
255,8271.95216700008
255,8275.95216700008
255,8279.95216700008
255,8283.95216700008
255,8287.95216700008
255,8291.95216700008
255,8295.95216700008
255,8299.95216700008
255,8303.95216700008
255,8307.95216700008
255,8311.95216700008
255,8315.95216700008
255,8319.95216700008
255,8323.95216700008
255,8327.95216700008
255,8331.95216700008
255,8335.95216700008
255,8339.95216700008
255,8343.95216700008
255,8347.95216700008
255,8351.95216700008
255,8355.95216700008
255,8359.95216700008
255,8363.95216700008
255,8367.95216700008
255,8371.95216700008
255,8375.95216700008
255,8379.95216700008
255,8383.95216700008
255,8387.95216700008
255,8391.95216700008
255,8395.95216700008
255,8399.95216700008
255,8403.95216700008
255,8407.95216700008
255,8411.95216700008
255,8415.95216700008
255,8419.95216700008
255,8423.95216700008
255,8427.95216700008
255,8431.95216700008
255,8435.95216700008
255,8439.95216700008
255,8443.95216700008
255,8447.95216700008
255,8451.95216700008
255,8455.95216700008
255,8459.95216700008
255,8463.95216700008
255,8467.95216700008
255,8471.95216700008
255,8475.95216700008
255,8479.95216700008
255,8483.95216700008
255,8487.95216700008
255,8491.95216700008
255,8495.95216700008
255,8499.95216700008
255,8503.95216700008
255,8507.95216700008
255,8511.95216700008
255,8515.95216700008
255,8519.95216700008
255,8523.95216700008
255,8527.95216700008
255,8531.95216700008
255,8535.95216700008
255,8539.95216700008
255,8543.95216700008
255,8547.95216700008
255,8551.95216700008
255,8555.95216700008
255,8559.95216700008
255,8563.95216700008
255,8567.95216700008
255,8571.95216700008
255,8575.95216700008
255,8579.95216700008
255,8583.95216700008
255,8587.95216700008
255,8591.95216700008
255,8595.95216700008
255,8599.95216700008
255,8603.95216700008
255,8607.95216700008
255,8611.95216700008
255,8615.95216700008
255,8619.95216700008
255,8623.95216700008
255,8627.95216700008
255,8631.95216700008
255,8635.95216700008
255,8639.95216700008
255,8643.95216700008
255,8647.95216700008
255,8651.95216700008
255,8655.95216700008
255,8659.95216700008
255,8663.95216700008
255,8667.95216700008
255,8671.95216700008
255,8675.95216700008
255,8679.95216700008
255,8683.95216700008
255,8687.95216700008
255,8691.95216700008
255,8695.95216700008
255,8699.95216700008
255,8703.95216700008
255,8707.95216700008
255,8711.95216700008
255,8715.95216700008
255,8719.95216700008
255,8723.95216700008
255,8727.95216700008
255,8731.95216700008
255,8735.95216700008
255,8739.95216700008
255,8743.95216700008
255,8747.95216700008
255,8751.95216700008
255,8755.95216700008
255,8759.95216700008
255,8763.95216700008
255,8767.95216700008
255,8771.95216700008
255,8775.95216700008
255,8779.95216700008
255,8783.95216700008
255,8787.95216700008
255,8791.95216700008
255,8795.95216700008
255,8799.95216700008
255,8803.95216700008
255,8807.95216700008
255,8811.95216700008
255,8815.95216700008
255,8819.95216700008
255,8823.95216700008
255,8827.95216700008
255,8831.95216700008
255,8835.95216700008
255,8839.95216700008
255,8843.95216700008
255,8847.95216700008
255,8851.95216700008
255,8855.95216700008
255,8859.95216700008
255,8863.95216700008
255,8867.95216700008
255,8871.95216700008
255,8875.95216700008
255,8879.95216700008
255,8883.95216700008
255,8887.95216700008
255,8891.95216700008
255,8895.95216700008
255,8899.95216700008
255,8903.95216700008
255,8907.95216700008
255,8911.95216700008
255,8915.95216700008
255,8919.95216700008
255,8923.95216700008
255,8927.95216700008
255,8931.95216700008
255,8935.95216700008
255,8939.95216700008
255,8943.95216700008
255,8947.95216700008
255,8951.95216700008
255,8955.95216700008
255,8959.95216700008
255,8963.95216700008
255,8967.95216700008
255,8971.95216700008
255,8975.95216700008
255,8979.95216700008
255,8983.95216700008
255,8987.95216700008
255,8991.95216700008
255,8995.95216700008
255,8999.95216700008
255,9003.95216700008
255,9007.95216700008
255,9011.95216700008
255,9015.95216700008
255,9019.95216700008
255,9023.95216700008
255,9027.95216700008
255,9031.95216700008
255,9035.95216700008
255,9039.95216700008
255,9043.95216700008
255,9047.95216700008
255,9051.95216700008
255,9055.95216700008
255,9059.95216700008
255,9063.95216700008
255,9067.95216700008
255,9071.95216700008
255,9075.95216700008
255,9079.95216700008
255,9083.95216700008
255,9087.95216700008
255,9091.95216700008
255,9095.95216700008
255,9099.95216700008
255,9103.95216700008
255,9107.95216700008
255,9111.95216700008
255,9115.95216700008
255,9119.95216700008
255,9123.95216700008
255,9127.95216700008
255,9131.95216700008
255,9135.95216700008
255,9139.95216700008
255,9143.95216700008
255,9147.95216700008
255,9151.95216700008
255,9155.95216700008
255,9159.95216700008
255,9163.95216700008
255,9167.95216700008
255,9171.95216700008
255,9175.95216700008
255,9179.95216700008
255,9183.95216700008
255,9187.95216700008
255,9191.95216700008
255,9195.95216700008
255,9199.95216700008
255,9203.95216700008
255,9207.95216700008
255,9211.95216700008
255,9215.95216700008
255,9219.95216700008
255,9223.95216700008
255,9227.95216700008
255,9231.95216700008
255,9235.95216700008
255,9239.95216700008
255,9243.95216700008
255,9247.95216700008
255,9251.95216700008
255,9255.95216700008
255,9259.95216700008
255,9263.95216700008
255,9267.95216700008
255,9271.95216700008
255,9275.95216700008
255,9279.95216700008
255,9283.95216700008
255,9287.95216700008
255,9291.95216700008
255,9295.95216700008
255,9299.95216700008
255,9303.95216700008
255,9307.95216700008
255,9311.95216700008
255,9315.95216700008
255,9319.95216700008
255,9323.95216700008
255,9327.95216700008
255,9331.95216700008
255,9335.95216700008
255,9339.95216700008
255,9343.95216700008
255,9347.95216700008
255,9351.95216700008
255,9355.95216700008
255,9359.95216700008
255,9363.95216700008
255,9367.95216700008
255,9371.95216700008
255,9375.95216700008
255,9379.95216700008
255,9383.95216700008
255,9387.95216700008
255,9391.95216700008
255,9395.95216700008
255,9399.95216700008
255,9403.95216700008
255,9407.95216700008
255,9411.95216700008
255,9415.95216700008
255,9419.95216700008
255,9423.95216700008
255,9427.95216700008
255,9431.95216700008
255,9435.95216700008
255,9439.95216700008
255,9443.95216700008
255,9447.95216700008
255,9451.95216700008
255,9455.95216700008
255,9459.95216700008
255,9463.95216700008
