version https://git-lfs.github.com/spec/v1
oid sha256:2542744271a9317108e362f335fbf6bb4d7dcdda8380bdf7f51a35a28f683f51
size 86561
