version https://git-lfs.github.com/spec/v1
oid sha256:98dff3a08c902114958bb82a2bb71d19bdb3a6489096dd5ae0960b35dbc246e7
size 60776
