version https://git-lfs.github.com/spec/v1
oid sha256:77be2e8beb8fc12b8319eb1f1e98b5c9e2bfcbf57081bac3930e4bd9ae0963e9
size 31102
